[postprocessing]
orig_series_description = 0597619047619049x0390624x0390624
series_description = Axial
pixel_spacing = 0.390624
slice_thickness = 0.6000000000000014

